3 0.096618 0.317242 0.138361 0.160018
3 0.206807 0.887369 0.122067 0.063943
3 0.314706 0.232455 0.176353 0.033403
3 0.161782 0.467518 0.050118 0.133052
3 0.815752 0.212277 0.127840 0.110148
3 0.123332 0.355205 0.099134 0.102144
3 0.568357 0.827738 0.228630 0.089074
3 0.459042 0.358115 0.115933 0.093557
3 0.678294 0.311992 0.157176 0.049270
3 0.132345 0.729160 0.056067 0.091039
3 0.617269 0.260303 0.146538 0.069204
3 0.193437 0.787735 0.093176 0.104246
3 0.669803 0.484469 0.247555 0.037785
3 0.463962 0.677188 0.171672 0.161835
3 0.542954 0.483875 0.233958 0.050101
3 0.171319 0.698480 0.060992 0.170819