3 0.565433 0.233539 0.162059 0.093361
3 0.866071 0.469525 0.137050 0.112791
3 0.642824 0.188097 0.141714 0.127298
3 0.666332 0.803423 0.096429 0.131419
3 0.642239 0.881351 0.064462 0.133996
3 0.678223 0.168756 0.244798 0.031419
3 0.426748 0.452138 0.117966 0.101021
3 0.890647 0.321066 0.151681 0.149448
3 0.347815 0.236568 0.080101 0.127886
3 0.516697 0.509813 0.184269 0.146217
3 0.704609 0.851378 0.232277 0.131568
3 0.624647 0.481859 0.076672 0.132090
3 0.139534 0.973435 0.243319 0.050529
3 0.799697 0.154564 0.236319 0.170517
3 0.243433 0.921363 0.191672 0.154365
3 0.801815 0.261882 0.121210 0.167280